
639, 672; -2.097100, 2.163300, -0.460000
636, 671; -2.097100, 2.163200, -0.460000
619, 678; -2.097100, 2.163300, -0.460000
632, 678; -2.097100, 2.163300, -0.460000
638, 680; -2.097100, 2.163300, -0.460000
635, 680; -2.097100, 2.163300, -0.460000
629, 679; -2.097100, 2.163300, -0.460000
633, 677; -2.097100, 2.163300, -0.460000
629, 685; -2.097100, 2.163300, -0.460000
628, 687; -2.098000, 2.163700, -0.460100
635, 684; -2.097100, 2.163300, -0.460000
636, 687; -2.097100, 2.163300, -0.460000
616, 681; -2.097100, 2.163300, -0.460000
631, 687; -2.097100, 2.163300, -0.460000
707, 668; -2.097100, 2.163300, -0.460000
748, 667; -2.097100, 2.163300, -0.460000
756, 682; -2.097100, 2.163300, -0.460000
658, 698; -2.097100, 2.163300, -0.460000
765, 680; -2.097100, 2.163300, -0.460000
755, 682; -2.097100, 2.163300, -0.460000
725, 675; -2.097100, 2.163300, -0.460000
612, 693; -2.097100, 2.163300, -0.460000
360, 695; -2.097100, 2.163300, -0.460000
721, 711; -2.097100, 2.163300, -0.460000
575, 711; -2.096300, 2.162800, -0.459900
-2147483648, -2147483648; -2.097100, 2.163300, -0.460000
-2147483648, -2147483648; -2.097100, 2.163300, -0.460000
-2147483648, -2147483648; -2.097100, 2.163300, -0.460000
-2147483648, -2147483648; -2.097100, 2.163300, -0.460000
-2147483648, -2147483648; -2.097100, 2.163300, -0.460000
-2147483648, -2147483648; -2.097100, 2.163300, -0.460000
-2147483648, -2147483648; -2.097100, 2.163300, -0.460000
-2147483648, -2147483648; -2.097100, 2.163300, -0.460000
-2147483648, -2147483648; -2.097100, 2.163300, -0.460000
-2147483648, -2147483648; -2.097100, 2.163300, -0.460000
-2147483648, -2147483648; -2.097100, 2.163300, -0.460000
-2147483648, -2147483648; -2.097100, 2.163300, -0.460000
-2147483648, -2147483648; -2.097100, 2.163300, -0.460000
-2147483648, -2147483648; -2.097100, 2.163300, -0.460000
-2147483648, -2147483648; -2.096300, 2.162800, -0.459900
-1.#IND00, -1.#IND00; -2.186000, 2.306400, -0.460700
401.539519, 450.575601; -2.186000, 2.306400, -0.460700
470.500000, 529.000000; -2.186000, 2.306400, -0.460700
-1.#IND00, -1.#IND00; -2.186000, 2.306400, -0.460700
-1.#IND00, -1.#IND00; -2.186000, 2.306400, -0.460700
-1.#IND00, -1.#IND00; -2.186000, 2.306400, -0.460700
-1.#IND00, -1.#IND00; -2.186900, 2.307000, -0.460700
982.500000, 670.000000; -2.186000, 2.306400, -0.460700
432.895340, 525.749045; -2.186900, 2.307000, -0.460700
305.254940, 655.933976; -2.186000, 2.306400, -0.460700
494.227135, 447.488730; -2.186000, 2.306400, -0.460700
621.016214, 508.789803; -2.186000, 2.306400, -0.460700
576.084124, 555.958861; -2.186000, 2.306400, -0.460700
515.512072, 593.658702; -2.186900, 2.307000, -0.460700
549.334305, 611.016521; -2.186900, 2.307000, -0.460800
537.583539, 622.247226; -2.186900, 2.307000, -0.460800
526.716832, 634.486459; -2.186000, 2.306400, -0.460700
538.648703, 631.907851; -2.186900, 2.307000, -0.460700
519.288124, 634.771419; -2.186000, 2.306400, -0.460700
572.595265, 713.071026; -2.186000, 2.306400, -0.460700
901.000000, 367.000000; -2.186000, 2.306400, -0.460700
-1.#IND00, -1.#IND00; -2.186000, 2.306400, -0.460700
910.492063, 419.222222; -2.186000, 2.306400, -0.460700
900.500000, 376.500000; -2.186000, 2.306400, -0.460700
-1.#IND00, -1.#IND00; -2.186000, 2.306400, -0.460700
-1.#IND00, -1.#IND00; -2.186000, 2.306400, -0.460700
910.384615, 524.346154; -2.186900, 2.307000, -0.460700
896.500000, 387.500000; -2.186000, 2.306400, -0.460700
-1.#IND00, -1.#IND00; -2.186000, 2.306400, -0.460700
853.593220, 480.474576; -2.186000, 2.306500, -0.460700
900.615385, 414.653846; -2.186000, 2.306500, -0.460700
-1.#IND00, -1.#IND00; -2.186000, 2.306500, -0.460700
681.124958, 602.914112; -2.186000, 2.306400, -0.460700
657.414691, 377.280102; -2.186000, 2.306500, -0.460700
597.291416, 350.531376; -2.186000, 2.306500, -0.460700
555.729965, 359.415426; -2.186000, 2.306500, -0.460700
536.047457, 382.435888; -2.186000, 2.306500, -0.460700
544.381399, 394.760173; -2.186000, 2.306500, -0.460700
549.882375, 400.752537; -2.186000, 2.306500, -0.460700
558.829019, 409.724920; -2.186000, 2.306500, -0.460700
565.468364, 409.897762; -2.186900, 2.307000, -0.460800
536.878406, 417.405746; -2.186000, 2.306500, -0.460700
520.261167, 433.313248; -2.186000, 2.306500, -0.460700
499.260861, 446.005526; -2.186000, 2.306500, -0.460700
504.844588, 451.838325; -2.186000, 2.306500, -0.460700
500.218583, 454.776657; -2.186800, 2.307000, -0.460800
500.961817, 456.638793; -2.186000, 2.306500, -0.460700
506.087377, 456.943328; -2.186000, 2.306500, -0.460700
511.824386, 460.814209; -2.186000, 2.306500, -0.460700
507.219278, 462.468318; -2.186000, 2.306500, -0.460700
508.530114, 469.782759; -2.186000, 2.306500, -0.460700
511.312134, 469.605150; -2.186000, 2.306500, -0.460700
506.480766, 470.191196; -2.186800, 2.307000, -0.460800
494.136048, 465.698958; -2.186000, 2.306500, -0.460700
485.969807, 476.476209; -2.186000, 2.306500, -0.460700
470.068215, 486.554572; -2.186000, 2.306500, -0.460700
441.721708, 506.642358; -2.186000, 2.306500, -0.460700
472.009982, 508.863798; -2.186000, 2.306500, -0.460700
469.180437, 514.840753; -2.186800, 2.307000, -0.460800
485.574310, 507.837155; -2.186800, 2.307000, -0.460800
500.148781, 515.074504; -2.186800, 2.307000, -0.460800
496.013298, 515.872562; -2.186800, 2.307000, -0.460800
474.050650, 530.448454; -2.186800, 2.307000, -0.460800
476.422339, 565.179306; -2.186800, 2.307000, -0.460800
478.441792, 570.357028; -2.186800, 2.307000, -0.460800
463.883452, 543.972376; -2.186800, 2.307000, -0.460800
490.133274, 613.812704; -2.186800, 2.307000, -0.460800
514.155804, 624.866853; -2.186800, 2.307000, -0.460800
521.100382, 628.694391; -2.186800, 2.307000, -0.460800
518.975746, 629.503731; -2.186800, 2.307000, -0.460800
518.157275, 628.544731; -2.186800, 2.307000, -0.460800
518.158401, 640.798918; -2.186800, 2.307000, -0.460800
526.375871, 658.812615; -2.186800, 2.307000, -0.460800
537.953025, 659.948399; 0.000000, 0.000000, 0.000000
540.597153, 667.176222; -2.186000, 2.306500, -0.460700
551.084811, 664.074788; -2.186000, 2.306500, -0.460700
535.388346, 669.120677; -2.186000, 2.306500, -0.460700
540.397865, 664.890320; -2.186000, 2.306500, -0.460700
539.980763, 665.103882; -2.186800, 2.307000, -0.460800
534.092372, 671.338698; -2.186000, 2.306500, -0.460700
545.064838, 672.332027; -2.186800, 2.307000, -0.460800
547.926727, 667.849267; -2.186000, 2.306500, -0.460700
535.085783, 673.327068; -2.186800, 2.307000, -0.460800
542.623141, 683.672833; -2.186000, 2.306500, -0.460700
549.415175, 685.749027; -2.186000, 2.306500, -0.460700
558.882735, 687.122995; -2.186000, 2.306500, -0.460700
561.701997, 683.501536; -2.186800, 2.307000, -0.460800
591.583983, 699.959307; -2.186000, 2.306500, -0.460700
602.950847, 696.009285; -2.186800, 2.307000, -0.460800
612.918440, 694.507683; -2.186800, 2.307000, -0.460800
616.866555, 705.013344; -2.186000, 2.306500, -0.460700
624.665213, 702.738277; -2.186000, 2.306500, -0.460700
643.060403, 694.157718; -2.186000, 2.306500, -0.460700
664.099476, 666.403141; -2.186000, 2.306500, -0.460700
450.836066, 613.778689; -2.186000, 2.306500, -0.460700
374.636397, 629.272053; -2.186000, 2.306500, -0.460700
382.913752, 558.561208; -2.186000, 2.306500, -0.460700
389.061040, 557.666401; -2.186000, 2.306500, -0.460700
402.352550, 565.427106; -2.186000, 2.306500, -0.460700
393.380591, 573.314487; -2.186000, 2.306500, -0.460700
397.390315, 577.817095; -2.186000, 2.306500, -0.460700
480.540886, 562.459588; -2.186000, 2.306500, -0.460700
602.077983, 563.720610; -2.186000, 2.306500, -0.460700
712.379736, 540.327842; -2.186000, 2.306500, -0.460700
744.995181, 544.237528; -2.186000, 2.306500, -0.460700
662.211342, 568.197895; -2.186000, 2.306500, -0.460700
644.165651, 573.098892; -2.186800, 2.307000, -0.460800
655.203471, 577.719330; -2.186000, 2.306500, -0.460700
653.882068, 573.084976; -2.186000, 2.306500, -0.460700
505.777596, 524.475956; -2.186000, 2.306500, -0.460700
445.905073, 447.036414; -2.186000, 2.306500, -0.460700
333.417247, 330.634532; -2.186000, 2.306500, -0.460700
278.477924, 280.457533; -2.186000, 2.306500, -0.460700
225.100037, 263.060462; -2.186800, 2.307000, -0.460800
230.734316, 235.804422; -2.186000, 2.306500, -0.460700
235.279546, 233.940815; -2.186800, 2.307000, -0.460800
237.939377, 229.456035; -2.186000, 2.306500, -0.460700
231.505670, 231.643986; -2.186000, 2.306500, -0.460700
229.509586, 231.907895; -2.186000, 2.306500, -0.460700
229.374542, 236.086081; -2.186000, 2.306500, -0.460700
227.654784, 239.251910; -2.186000, 2.306500, -0.460700
230.623726, 241.337610; -2.186800, 2.307000, -0.460800
229.420492, 240.555245; -2.186000, 2.306500, -0.460700
223.319053, 237.562101; -2.186800, 2.307000, -0.460800
196.616365, 212.537418; -2.186000, 2.306500, -0.460700
167.425283, 206.886821; -2.186800, 2.307000, -0.460800
171.001340, 210.651799; -2.186800, 2.307000, -0.460800
171.013904, 220.392157; -2.186000, 2.306500, -0.460700
164.070189, 219.400116; -2.186000, 2.306500, -0.460700
162.350615, 216.470347; -2.186000, 2.306500, -0.460700
163.034607, 218.858338; -2.186000, 2.306500, -0.460700
162.485422, 225.780873; -2.186000, 2.306500, -0.460700
165.284551, 229.636701; -2.186800, 2.307000, -0.460800
169.798144, 230.459383; -2.186800, 2.307000, -0.460800
173.681560, 235.360371; -2.186000, 2.306500, -0.460700
170.305138, 241.365681; -2.186800, 2.307000, -0.460800
179.860053, 237.362950; -2.186800, 2.307000, -0.460800
173.928908, 242.286388; -2.186800, 2.307000, -0.460800
173.686393, 242.825833; -2.186800, 2.307000, -0.460800
178.218733, 241.367309; -2.186800, 2.307000, -0.460800
178.143392, 237.071883; -2.186000, 2.306500, -0.460700
171.601033, 238.259391; -2.186000, 2.306500, -0.460700
170.109783, 238.396363; -2.186800, 2.307000, -0.460800
163.922519, 240.764754; -2.186800, 2.307000, -0.460800
163.895011, 240.263819; -2.186800, 2.307000, -0.460800
164.055722, 246.770786; -2.186800, 2.307000, -0.460800
163.203375, 249.902172; -2.186000, 2.306500, -0.460700
170.153367, 248.325602; -2.186000, 2.306500, -0.460700
169.500441, 254.804590; -2.186000, 2.306500, -0.460700
176.840324, 253.331413; -2.186000, 2.306500, -0.460700
175.209941, 255.062085; -2.186000, 2.306500, -0.460700
168.868755, 256.836379; -2.186000, 2.306500, -0.460700
175.830562, 255.914056; -2.186000, 2.306500, -0.460700
170.445903, 262.717988; -2.186000, 2.306500, -0.460700
171.014188, 260.332332; -2.186800, 2.307000, -0.460800
140.120998, 205.679688; -2.186000, 2.306500, -0.460700
153.973275, 180.036332; -2.186000, 2.306500, -0.460700
155.599405, 183.673020; -2.186800, 2.307000, -0.460800
157.895117, 196.474912; -2.186000, 2.306500, -0.460700
156.987440, 197.779594; -2.186000, 2.306500, -0.460700
155.151125, 197.457663; -2.186000, 2.306500, -0.460700
158.131274, 198.063982; -2.186800, 2.307100, -0.460800
206.129305, 254.363873; -2.186800, 2.307100, -0.460800
199.904952, 346.892279; -2.186000, 2.306500, -0.460700
271.196875, 329.037847; -2.186000, 2.306500, -0.460700
226.370599, 321.781141; -2.186000, 2.306500, -0.460700
172.182155, 277.300799; -2.186000, 2.306500, -0.460700
169.856524, 290.889098; -2.186000, 2.306500, -0.460700
182.351427, 295.041110; -2.186000, 2.306500, -0.460700
176.925385, 300.162258; -2.186000, 2.306500, -0.460700
192.892510, 303.659996; -2.186000, 2.306500, -0.460700
206.779826, 323.559854; -2.186000, 2.306500, -0.460700
215.696557, 330.242794; -2.186000, 2.306500, -0.460700
216.392405, 348.095660; -2.186000, 2.306500, -0.460700
211.485922, 349.063742; -2.186000, 2.306500, -0.460700
212.344828, 351.053259; -2.186000, 2.306500, -0.460700
211.408962, 355.229720; -2.186000, 2.306500, -0.460700
220.449202, 354.819617; -2.186000, 2.306500, -0.460700
218.490291, 357.509015; -2.186000, 2.306500, -0.460700
218.845363, 362.887022; -2.186000, 2.306500, -0.460700
219.985827, 369.121664; -2.186000, 2.306500, -0.460700
216.159270, 373.423259; -2.186000, 2.306500, -0.460700
207.968521, 370.831157; -2.186800, 2.307100, -0.460800
214.142157, 375.962600; -2.186000, 2.306500, -0.460700
214.788563, 377.845372; -2.186000, 2.306500, -0.460700
217.364361, 381.808765; -2.186800, 2.307100, -0.460800
219.922657, 380.520512; -2.186800, 2.307100, -0.460800
227.618727, 380.579401; -2.186800, 2.307100, -0.460800
201.382790, 377.733180; -2.186000, 2.306500, -0.460700
201.411323, 371.370245; -2.186800, 2.307100, -0.460800
214.292425, 378.851967; -2.186800, 2.307100, -0.460800
204.233057, 380.866078; -2.186000, 2.306500, -0.460700
197.576599, 374.557641; -2.186000, 2.306500, -0.460700
192.029103, 376.697522; -2.186800, 2.307100, -0.460800
181.840518, 351.700561; -2.186800, 2.307100, -0.460800
196.211718, 332.438729; -2.186800, 2.307100, -0.460800
232.116379, 345.162360; -2.186800, 2.307100, -0.460800
232.736246, 345.574301; -2.186800, 2.307100, -0.460800
209.185694, 323.174216; -2.186000, 2.306500, -0.460700
238.468050, 275.906658; -2.186800, 2.307100, -0.460800
251.295351, 275.282069; -2.186800, 2.307100, -0.460800
263.562577, 279.476391; -2.186800, 2.307100, -0.460800
257.022536, 267.639945; -2.186800, 2.307100, -0.460800
252.706062, 255.789096; -2.186800, 2.307100, -0.460800
196.762066, 108.745325; -2.186800, 2.307100, -0.460800
193.177011, 94.506094; -2.186800, 2.307100, -0.460800
152.649630, 48.459093; -2.186800, 2.307100, -0.460800
165.302453, 42.970002; -2.186000, 2.306500, -0.460700
130.946624, 47.745512; -2.186800, 2.307100, -0.460800
130.274153, 46.162162; -2.186800, 2.307100, -0.460800
119.614719, 68.045855; -2.186000, 2.306500, -0.460700
112.088772, 74.596416; -2.186800, 2.307100, -0.460800
121.580408, 102.223517; -2.186800, 2.307100, -0.460800
114.032640, 119.814121; -2.186800, 2.307100, -0.460800
122.293156, 124.359673; -2.186800, 2.307100, -0.460800
118.473416, 132.404790; -2.186800, 2.307100, -0.460800
113.268992, 138.509297; -2.186800, 2.307100, -0.460800
113.247955, 194.405927; -2.186000, 2.306500, -0.460700
246.100890, 315.750000; -2.186800, 2.307100, -0.460800
53.179343, 271.090111; -2.186800, 2.307100, -0.460800
66.194287, 353.759117; -2.186800, 2.307100, -0.460800
215.859626, 445.074866; -2.186800, 2.307100, -0.460800
226.058214, 407.512057; -2.186800, 2.307100, -0.460800
254.296619, 369.953108; -2.186000, 2.306500, -0.460700
262.640226, 352.565646; -2.186800, 2.307100, -0.460800
260.279985, 303.572722; -2.186800, 2.307100, -0.460800
262.386317, 286.073620; -2.186000, 2.306500, -0.460700
237.519155, 217.860979; -2.186000, 2.306500, -0.460700
244.207735, 188.843536; -2.186800, 2.307100, -0.460800
224.301658, 68.389284; -2.186000, 2.306500, -0.460700
304.725849, 151.221932; -2.186800, 2.307100, -0.460800
267.626374, 165.087912; -2.186800, 2.307100, -0.460800
96.290110, 29.306227; -2.186800, 2.307100, -0.460800
78.096005, 23.650773; -2.186000, 2.306500, -0.460700
84.151867, 32.958123; -2.186000, 2.306500, -0.460700
148.192059, 90.144044; -2.186800, 2.307100, -0.460800
448.096639, 394.336134; -2.186000, 2.306500, -0.460700
486.866071, 432.750000; -2.186000, 2.306500, -0.460700
490.020833, 437.296875; -2.186800, 2.307100, -0.460800
474.661692, 437.268657; -2.186000, 2.306500, -0.460700
358.048338, 324.030211; -2.186000, 2.306500, -0.460700
154.942748, 130.091603; -2.186000, 2.306500, -0.460700
198.500000, 153.000000; -2.186000, 2.306500, -0.460700
205.063324, 192.928220; -2.186000, 2.306500, -0.460700
197.054142, 197.428234; -2.186000, 2.306500, -0.460700
198.046369, 197.266110; -2.186800, 2.307100, -0.460800
225.883478, 207.452204; -2.186000, 2.306500, -0.460700
238.121478, 217.414319; -2.186000, 2.306500, -0.460700
238.396006, 218.641756; -2.186000, 2.306500, -0.460700
238.742344, 215.266948; -2.186800, 2.307100, -0.460800
245.680855, 217.158452; -2.186000, 2.306500, -0.460700
248.917063, 243.903373; -2.186000, 2.306500, -0.460700
233.044929, 227.226379; -2.186800, 2.307100, -0.460800
125.992840, 280.187300; -2.186000, 2.306500, -0.460700
-1.#IND00, -1.#IND00; -2.186800, 2.307100, -0.460800
-1.#IND00, -1.#IND00; -2.186800, 2.307100, -0.460800
-1.#IND00, -1.#IND00; -2.186800, 2.307100, -0.460800
-1.#IND00, -1.#IND00; -2.186800, 2.307100, -0.460800
-1.#IND00, -1.#IND00; -2.186800, 2.307100, -0.460800
-1.#IND00, -1.#IND00; -2.186000, 2.306500, -0.460700
-1.#IND00, -1.#IND00; -2.186000, 2.306500, -0.460700
-1.#IND00, -1.#IND00; -2.186800, 2.307100, -0.460800
-1.#IND00, -1.#IND00; -2.186000, 2.306500, -0.460700
-1.#IND00, -1.#IND00; -2.186000, 2.306500, -0.460700
-1.#IND00, -1.#IND00; -2.186000, 2.306500, -0.460700
-1.#IND00, -1.#IND00; -2.186000, 2.306500, -0.460700
-1.#IND00, -1.#IND00; -2.186800, 2.307100, -0.460800
-1.#IND00, -1.#IND00; -2.186000, 2.306500, -0.460700
-1.#IND00, -1.#IND00; -2.186000, 2.306500, -0.460700
-1.#IND00, -1.#IND00; -2.186000, 2.306500, -0.460700
-1.#IND00, -1.#IND00; -2.186000, 2.306500, -0.460700
-1.#IND00, -1.#IND00; -2.186000, 2.306500, -0.460700
1082.500000, 71.000000; -2.186000, 2.306500, -0.460700
-1.#IND00, -1.#IND00; -2.186000, 2.306500, -0.460700
-1.#IND00, -1.#IND00; -2.186000, 2.306500, -0.460700
-1.#IND00, -1.#IND00; -2.186000, 2.306500, -0.460700
-1.#IND00, -1.#IND00; -2.186000, 2.306500, -0.460700
-1.#IND00, -1.#IND00; -2.186000, 2.306500, -0.460700
-1.#IND00, -1.#IND00; -2.186000, 2.306500, -0.460700
-1.#IND00, -1.#IND00; -2.186000, 2.306500, -0.460700
-1.#IND00, -1.#IND00; -2.186000, 2.306500, -0.460700
-1.#IND00, -1.#IND00; -2.186800, 2.307100, -0.460800
-1.#IND00, -1.#IND00; -2.186800, 2.307100, -0.460800
-1.#IND00, -1.#IND00; -2.186000, 2.306500, -0.460700
-1.#IND00, -1.#IND00; -2.186800, 2.307100, -0.460800
-1.#IND00, -1.#IND00; -2.186000, 2.306500, -0.460700
-1.#IND00, -1.#IND00; -2.186000, 2.306500, -0.460700
789.500000, 255.000000; -2.186800, 2.307100, -0.460800
-1.#IND00, -1.#IND00; -2.186000, 2.306500, -0.460700
792.500000, 255.000000; -2.186000, 2.306500, -0.460700
-1.#IND00, -1.#IND00; -2.186000, 2.306500, -0.460700
794.500000, 255.000000; -2.186000, 2.306500, -0.460700
794.500000, 254.000000; -2.186800, 2.307100, -0.460800
788.384615, 254.653846; -2.186000, 2.306500, -0.460700
788.500000, 255.000000; -2.186000, 2.306500, -0.460700
-1.#IND00, -1.#IND00; -2.186000, 2.306500, -0.460700
788.500000, 254.000000; -2.186000, 2.306500, -0.460700
788.500000, 254.000000; -2.186000, 2.306500, -0.460700
-1.#IND00, -1.#IND00; -2.186000, 2.306500, -0.460700
788.500000, 254.000000; -2.186000, 2.306500, -0.460700
790.500000, 254.500000; -2.186800, 2.307100, -0.460800
788.500000, 255.000000; -2.186000, 2.306500, -0.460700
789.000000, 254.000000; -2.186800, 2.307100, -0.460800
-1.#IND00, -1.#IND00; -2.186000, 2.306500, -0.460700
792.500000, 255.000000; -2.186000, 2.306500, -0.460700
-1.#IND00, -1.#IND00; -2.186000, 2.306500, -0.460700
792.500000, 255.000000; -2.186000, 2.306500, -0.460700
-1.#IND00, -1.#IND00; -2.186000, 2.306500, -0.460700
-1.#IND00, -1.#IND00; -2.186000, 2.306500, -0.460700
-1.#IND00, -1.#IND00; -2.186800, 2.307100, -0.460800
-1.#IND00, -1.#IND00; -2.186800, 2.307100, -0.460800
794.500000, 255.000000; -2.186800, 2.307100, -0.460800
788.500000, 254.000000; -2.186800, 2.307100, -0.460800
-1.#IND00, -1.#IND00; -2.186000, 2.306500, -0.460700
-1.#IND00, -1.#IND00; -2.186000, 2.306500, -0.460700
-1.#IND00, -1.#IND00; -2.186000, 2.306500, -0.460700
788.500000, 255.000000; -2.186000, 2.306500, -0.460700
-1.#IND00, -1.#IND00; -2.186000, 2.306500, -0.460700
789.500000, 254.000000; -2.186000, 2.306500, -0.460700
791.416667, 254.000000; -2.186800, 2.307100, -0.460800
794.500000, 254.000000; -2.186000, 2.306500, -0.460700
791.416667, 254.000000; -2.186800, 2.307100, -0.460800
-1.#IND00, -1.#IND00; -2.186000, 2.306500, -0.460700
788.500000, 255.000000; -2.186000, 2.306500, -0.460700
791.659574, 254.680851; -2.186000, 2.306500, -0.460700
790.500000, 255.000000; -2.186000, 2.306500, -0.460700
789.277778, 254.277778; -2.186800, 2.307100, -0.460800
-1.#IND00, -1.#IND00; -2.186800, 2.307100, -0.460800
790.500000, 255.000000; -2.186800, 2.307100, -0.460800
788.384615, 254.653846; -2.186000, 2.306500, -0.460700
-1.#IND00, -1.#IND00; -2.186000, 2.306500, -0.460700
-1.#IND00, -1.#IND00; -2.186000, 2.306500, -0.460700
790.000000, 255.000000; -2.186800, 2.307100, -0.460800
790.500000, 254.000000; 0.000000, 0.000000, 0.000000
790.500000, 255.000000; -2.186000, 2.306500, -0.460700
-1.#IND00, -1.#IND00; -2.186800, 2.307100, -0.460800
-1.#IND00, -1.#IND00; -2.186800, 2.307100, -0.460800
-1.#IND00, -1.#IND00; -2.186000, 2.306500, -0.460700
788.500000, 255.000000; -2.186000, 2.306500, -0.460700
794.500000, 255.000000; -2.186000, 2.306500, -0.460700
-1.#IND00, -1.#IND00; -2.186800, 2.307100, -0.460800
-1.#IND00, -1.#IND00; -2.186000, 2.306500, -0.460700
-1.#IND00, -1.#IND00; -2.186000, 2.306500, -0.460700
788.500000, 255.000000; -2.186000, 2.306500, -0.460700
788.500000, 254.000000; -2.186000, 2.306500, -0.460700
-1.#IND00, -1.#IND00; -2.185900, 2.306500, -0.460700
-1.#IND00, -1.#IND00; -2.186000, 2.306500, -0.460700
791.500000, 254.000000; -2.186000, 2.306500, -0.460700
-1.#IND00, -1.#IND00; -2.186800, 2.307100, -0.460800
-1.#IND00, -1.#IND00; -2.186000, 2.306500, -0.460700
794.500000, 254.000000; -2.186000, 2.306500, -0.460700
789.000000, 254.000000; -2.185900, 2.306500, -0.460700
-1.#IND00, -1.#IND00; -2.186000, 2.306500, -0.460700
-1.#IND00, -1.#IND00; -2.186000, 2.306500, -0.460700
790.500000, 255.000000; -2.186000, 2.306500, -0.460700
-1.#IND00, -1.#IND00; -2.186800, 2.307100, -0.460800
-1.#IND00, -1.#IND00; -2.186000, 2.306500, -0.460700
791.416667, 255.000000; -2.185900, 2.306500, -0.460700
-1.#IND00, -1.#IND00; -2.186800, 2.307100, -0.460800
-1.#IND00, -1.#IND00; -2.186800, 2.307100, -0.460800
788.500000, 254.000000; -2.185900, 2.306500, -0.460700
-1.#IND00, -1.#IND00; -2.185900, 2.306500, -0.460700
790.000000, 255.000000; -2.185900, 2.306500, -0.460700
-1.#IND00, -1.#IND00; -2.186800, 2.307100, -0.460800
-1.#IND00, -1.#IND00; -2.186800, 2.307100, -0.460800
788.500000, 254.000000; -2.186800, 2.307100, -0.460800
-1.#IND00, -1.#IND00; -2.186800, 2.307100, -0.460800
-1.#IND00, -1.#IND00; -2.186000, 2.306500, -0.460700
-1.#IND00, -1.#IND00; -2.185900, 2.306500, -0.460700
-1.#IND00, -1.#IND00; -2.186800, 2.307100, -0.460800
-1.#IND00, -1.#IND00; -2.186800, 2.307100, -0.460800
-1.#IND00, -1.#IND00; -2.186800, 2.307100, -0.460800
-1.#IND00, -1.#IND00; -2.186800, 2.307100, -0.460800
-1.#IND00, -1.#IND00; -2.186800, 2.307100, -0.460800
-1.#IND00, -1.#IND00; -2.185900, 2.306500, -0.460700
-1.#IND00, -1.#IND00; -2.186000, 2.306500, -0.460700
-1.#IND00, -1.#IND00; -2.186800, 2.307100, -0.460800
791.500000, 255.000000; -2.185900, 2.306500, -0.460700
-1.#IND00, -1.#IND00; -2.186800, 2.307100, -0.460800
-1.#IND00, -1.#IND00; -2.186800, 2.307100, -0.460800
789.411765, 254.382353; -2.185900, 2.306500, -0.460700
790.760870, 254.217391; -2.186800, 2.307100, -0.460800
791.756098, 254.756098; -2.185900, 2.306600, -0.460700
-1.#IND00, -1.#IND00; -2.185900, 2.306600, -0.460700
788.500000, 254.000000; -2.186800, 2.307100, -0.460800
-1.#IND00, -1.#IND00; -2.185900, 2.306600, -0.460700
-1.#IND00, -1.#IND00; -2.185900, 2.306500, -0.460700
788.500000, 255.000000; -2.185900, 2.306600, -0.460700
788.500000, 254.000000; -2.185900, 2.306600, -0.460700
792.500000, 255.000000; -2.185900, 2.306600, -0.460700
-1.#IND00, -1.#IND00; -2.185900, 2.306600, -0.460700
788.500000, 254.000000; -2.186800, 2.307100, -0.460800
789.500000, 255.000000; -2.185900, 2.306500, -0.460700
788.500000, 255.000000; -2.185900, 2.306600, -0.460700
789.500000, 254.000000; -2.185900, 2.306600, -0.460700
789.500000, 254.500000; -2.185900, 2.306600, -0.460700
-1.#IND00, -1.#IND00; -2.186800, 2.307100, -0.460800
-1.#IND00, -1.#IND00; -2.185900, 2.306600, -0.460700
792.500000, 255.000000; -2.185900, 2.306500, -0.460700
788.500000, 255.000000; -2.185900, 2.306600, -0.460700
-1.#IND00, -1.#IND00; -2.185900, 2.306500, -0.460700
-1.#IND00, -1.#IND00; -2.185900, 2.306600, -0.460700
-1.#IND00, -1.#IND00; -2.185900, 2.306600, -0.460700
790.500000, 255.000000; -2.185900, 2.306500, -0.460700
788.500000, 255.000000; -2.186800, 2.307100, -0.460800
-1.#IND00, -1.#IND00; -2.185900, 2.306500, -0.460700
-1.#IND00, -1.#IND00; -2.185900, 2.306500, -0.460700
-1.#IND00, -1.#IND00; -2.186800, 2.307100, -0.460800
-1.#IND00, -1.#IND00; -2.186800, 2.307100, -0.460800
-1.#IND00, -1.#IND00; -2.186800, 2.307100, -0.460800
-1.#IND00, -1.#IND00; -2.186800, 2.307100, -0.460800
788.500000, 255.000000; -2.186800, 2.307100, -0.460800
788.500000, 255.000000; -2.186800, 2.307100, -0.460800
-1.#IND00, -1.#IND00; -2.186800, 2.307100, -0.460800
-1.#IND00, -1.#IND00; -2.186800, 2.307100, -0.460800
-1.#IND00, -1.#IND00; -2.185900, 2.306500, -0.460700
788.500000, 255.000000; -2.186800, 2.307100, -0.460800
-1.#IND00, -1.#IND00; -2.185900, 2.306500, -0.460700
790.500000, 254.000000; -2.186800, 2.307100, -0.460800
788.500000, 254.000000; -2.185900, 2.306500, -0.460700
-1.#IND00, -1.#IND00; -2.186800, 2.307100, -0.460800
-1.#IND00, -1.#IND00; -2.186800, 2.307100, -0.460800
-1.#IND00, -1.#IND00; -2.186800, 2.307100, -0.460800
-1.#IND00, -1.#IND00; -2.186800, 2.307100, -0.460800
-1.#IND00, -1.#IND00; -2.186800, 2.307100, -0.460800
788.500000, 255.000000; -2.186800, 2.307100, -0.460800
-1.#IND00, -1.#IND00; -2.186800, 2.307100, -0.460800
-1.#IND00, -1.#IND00; -2.186800, 2.307100, -0.460800
-1.#IND00, -1.#IND00; -2.186800, 2.307100, -0.460800
-1.#IND00, -1.#IND00; -2.186800, 2.307100, -0.460800
-1.#IND00, -1.#IND00; -2.186800, 2.307100, -0.460800
791.000000, 255.000000; -2.186800, 2.307100, -0.460800
793.714286, 254.800000; -2.186800, 2.307100, -0.460800
794.500000, 255.000000; -2.186800, 2.307100, -0.460800
-1.#IND00, -1.#IND00; -2.186800, 2.307100, -0.460800
788.500000, 254.000000; -2.186800, 2.307100, -0.460800
-1.#IND00, -1.#IND00; -2.186800, 2.307100, -0.460800
789.500000, 254.500000; -2.186800, 2.307100, -0.460800
789.000000, 255.000000; -2.186800, 2.307100, -0.460800
-1.#IND00, -1.#IND00; -2.186800, 2.307100, -0.460800
789.000000, 255.000000; -2.186800, 2.307100, -0.460800
-1.#IND00, -1.#IND00; -2.185900, 2.306500, -0.460700
791.500000, 254.500000; -2.186800, 2.307100, -0.460800
792.760870, 254.782609; -2.185900, 2.306500, -0.460700
791.214286, 254.821429; -2.186800, 2.307100, -0.460800
788.500000, 255.000000; -2.185900, 2.306500, -0.460700
790.500000, 254.380952; -2.186800, 2.307100, -0.460800
792.000000, 255.000000; -2.186800, 2.307100, -0.460800
791.460000, 254.600000; -2.186800, 2.307100, -0.460800
789.500000, 255.000000; -2.186800, 2.307100, -0.460800
-1.#IND00, -1.#IND00; -2.185900, 2.306600, -0.460700
791.500000, 255.000000; -2.185900, 2.306600, -0.460700
791.741379, 254.724138; -2.186800, 2.307100, -0.460800
791.650000, 254.000000; -2.186800, 2.307100, -0.460800
791.500000, 254.000000; -2.185900, 2.306600, -0.460700
791.500000, 255.000000; -2.185900, 2.306600, -0.460700
793.500000, 254.500000; -2.186800, 2.307100, -0.460800
-1.#IND00, -1.#IND00; -2.185900, 2.306600, -0.460700
-1.#IND00, -1.#IND00; -2.185900, 2.306600, -0.460700
-1.#IND00, -1.#IND00; -2.185900, 2.306600, -0.460700
-1.#IND00, -1.#IND00; -2.185900, 2.306600, -0.460700
789.722222, 254.722222; -2.185900, 2.306600, -0.460700
-1.#IND00, -1.#IND00; -2.185900, 2.306600, -0.460700
792.142857, 254.571429; -2.185900, 2.306600, -0.460700
-1.#IND00, -1.#IND00; -2.186800, 2.307100, -0.460800
-1.#IND00, -1.#IND00; -2.186800, 2.307100, -0.460800
-1.#IND00, -1.#IND00; -2.185900, 2.306600, -0.460700
790.500000, 255.000000; -2.185900, 2.306600, -0.460700
788.500000, 255.000000; -2.186800, 2.307100, -0.460800
791.500000, 254.500000; -2.186800, 2.307100, -0.460800
788.000000, 255.000000; -2.185900, 2.306600, -0.460700
-1.#IND00, -1.#IND00; -2.185900, 2.306600, -0.460700
791.537037, 254.407407; -2.186800, 2.307100, -0.460800
-1.#IND00, -1.#IND00; -2.185900, 2.306600, -0.460700
-1.#IND00, -1.#IND00; -2.185900, 2.306600, -0.460700
788.500000, 255.000000; -2.185900, 2.306600, -0.460700
-1.#IND00, -1.#IND00; -2.185900, 2.306600, -0.460700
-1.#IND00, -1.#IND00; -2.185900, 2.306600, -0.460700
-1.#IND00, -1.#IND00; -2.185900, 2.306600, -0.460700
-1.#IND00, -1.#IND00; -2.185900, 2.306600, -0.460700
791.500000, 255.000000; -2.186800, 2.307100, -0.460800
791.500000, 254.500000; -2.186800, 2.307100, -0.460800
-1.#IND00, -1.#IND00; -2.185900, 2.306600, -0.460700
789.722222, 254.722222; -2.185900, 2.306600, -0.460700
792.239130, 254.565217; -2.185900, 2.306600, -0.460700
789.500000, 255.000000; -2.185900, 2.306600, -0.460700
791.189655, 254.724138; -2.185900, 2.306600, -0.460700
788.500000, 255.000000; -2.185900, 2.306600, -0.460700
790.574468, 254.787234; -2.185900, 2.306600, -0.460700
788.500000, 254.000000; -2.185900, 2.306600, -0.460700
792.227273, 254.681818; -2.185900, 2.306600, -0.460700
-1.#IND00, -1.#IND00; -2.185900, 2.306600, -0.460700
792.500000, 255.000000; -2.185900, 2.306600, -0.460700
-1.#IND00, -1.#IND00; -2.185900, 2.306600, -0.460700
791.500000, 255.000000; -2.185900, 2.306600, -0.460700
788.500000, 254.000000; -2.185900, 2.306600, -0.460700
-1.#IND00, -1.#IND00; -2.185900, 2.306600, -0.460700
-1.#IND00, -1.#IND00; -2.186800, 2.307100, -0.460800
788.500000, 254.000000; -2.186800, 2.307100, -0.460800
-1.#IND00, -1.#IND00; -2.186800, 2.307100, -0.460800
-1.#IND00, -1.#IND00; -2.186800, 2.307100, -0.460800
-1.#IND00, -1.#IND00; -2.185900, 2.306600, -0.460700
-1.#IND00, -1.#IND00; -2.186800, 2.307100, -0.460800
-1.#IND00, -1.#IND00; -2.186800, 2.307100, -0.460800
-1.#IND00, -1.#IND00; -2.186800, 2.307100, -0.460800
-1.#IND00, -1.#IND00; -2.185900, 2.306600, -0.460700
-1.#IND00, -1.#IND00; -2.186800, 2.307100, -0.460800
-1.#IND00, -1.#IND00; -2.186800, 2.307100, -0.460800
-1.#IND00, -1.#IND00; -2.185900, 2.306600, -0.460700
-1.#IND00, -1.#IND00; -2.185900, 2.306600, -0.460700
-1.#IND00, -1.#IND00; -2.186800, 2.307100, -0.460800
-1.#IND00, -1.#IND00; -2.185900, 2.306600, -0.460700
-1.#IND00, -1.#IND00; -2.186800, 2.307100, -0.460800
-1.#IND00, -1.#IND00; -2.186800, 2.307100, -0.460800
-1.#IND00, -1.#IND00; -2.185900, 2.306600, -0.460700
-1.#IND00, -1.#IND00; -2.186800, 2.307100, -0.460800
-1.#IND00, -1.#IND00; -2.186800, 2.307100, -0.460800
-1.#IND00, -1.#IND00; -2.186800, 2.307100, -0.460800
-1.#IND00, -1.#IND00; -2.186800, 2.307100, -0.460800
-1.#IND00, -1.#IND00; -2.186800, 2.307100, -0.460800
-1.#IND00, -1.#IND00; -2.185900, 2.306600, -0.460700
-1.#IND00, -1.#IND00; -2.186800, 2.307100, -0.460800
-1.#IND00, -1.#IND00; -2.185900, 2.306600, -0.460700
-1.#IND00, -1.#IND00; -2.186800, 2.307100, -0.460800
-1.#IND00, -1.#IND00; -2.186800, 2.307100, -0.460800
-1.#IND00, -1.#IND00; -2.186800, 2.307100, -0.460800
-1.#IND00, -1.#IND00; -2.186800, 2.307100, -0.460800
-1.#IND00, -1.#IND00; -2.186800, 2.307100, -0.460800
-1.#IND00, -1.#IND00; -2.186800, 2.307100, -0.460800
-1.#IND00, -1.#IND00; -2.186800, 2.307100, -0.460800
-1.#IND00, -1.#IND00; -2.186800, 2.307100, -0.460800
-1.#IND00, -1.#IND00; -2.186800, 2.307100, -0.460800
-1.#IND00, -1.#IND00; -2.186800, 2.307100, -0.460800
-1.#IND00, -1.#IND00; -2.186800, 2.307100, -0.460800
-1.#IND00, -1.#IND00; -2.186800, 2.307100, -0.460800
-1.#IND00, -1.#IND00; -2.186800, 2.307100, -0.460800
-1.#IND00, -1.#IND00; -2.186800, 2.307100, -0.460800
-1.#IND00, -1.#IND00; -2.186800, 2.307100, -0.460800
-1.#IND00, -1.#IND00; -2.186800, 2.307100, -0.460800
-1.#IND00, -1.#IND00; -2.186800, 2.307100, -0.460800
-1.#IND00, -1.#IND00; -2.186800, 2.307100, -0.460800
-1.#IND00, -1.#IND00; -2.186800, 2.307100, -0.460800
-1.#IND00, -1.#IND00; -2.186800, 2.307100, -0.460800
-1.#IND00, -1.#IND00; -2.186800, 2.307100, -0.460800
-1.#IND00, -1.#IND00; -2.186800, 2.307100, -0.460800
-1.#IND00, -1.#IND00; -2.186800, 2.307100, -0.460800
-1.#IND00, -1.#IND00; -2.185900, 2.306600, -0.460700
-1.#IND00, -1.#IND00; -2.185900, 2.306600, -0.460700
-1.#IND00, -1.#IND00; -2.186800, 2.307100, -0.460800
-1.#IND00, -1.#IND00; -2.186800, 2.307100, -0.460800
262.000000, 640.000000; -2.186800, 2.307100, -0.460800
-1.#IND00, -1.#IND00; -2.186800, 2.307100, -0.460800
-1.#IND00, -1.#IND00; -2.186800, 2.307100, -0.460800
-1.#IND00, -1.#IND00; -2.186800, 2.307100, -0.460800
-1.#IND00, -1.#IND00; -2.185900, 2.306600, -0.460700
-1.#IND00, -1.#IND00; -2.186800, 2.307100, -0.460800
-1.#IND00, -1.#IND00; -2.185900, 2.306600, -0.460700
-1.#IND00, -1.#IND00; -2.186800, 2.307100, -0.460800
260.500000, 640.000000; -2.185900, 2.306600, -0.460700
-1.#IND00, -1.#IND00; -2.185900, 2.306600, -0.460700
-1.#IND00, -1.#IND00; -2.185900, 2.306600, -0.460700
-1.#IND00, -1.#IND00; -2.185900, 2.306600, -0.460700
-1.#IND00, -1.#IND00; -2.185900, 2.306600, -0.460700
-1.#IND00, -1.#IND00; -2.185900, 2.306600, -0.460700
-1.#IND00, -1.#IND00; -2.185900, 2.306600, -0.460700
-1.#IND00, -1.#IND00; -2.186800, 2.307100, -0.460800
-1.#IND00, -1.#IND00; -2.186800, 2.307100, -0.460800
-1.#IND00, -1.#IND00; -2.186800, 2.307100, -0.460800
-1.#IND00, -1.#IND00; -2.186800, 2.307100, -0.460800
-1.#IND00, -1.#IND00; -2.186800, 2.307100, -0.460800
-1.#IND00, -1.#IND00; -2.186800, 2.307100, -0.460800
260.500000, 640.000000; -2.186800, 2.307100, -0.460800
-1.#IND00, -1.#IND00; -2.186800, 2.307100, -0.460800
-1.#IND00, -1.#IND00; -2.186800, 2.307100, -0.460800
260.500000, 642.000000; -2.186800, 2.307100, -0.460800
-1.#IND00, -1.#IND00; -2.186800, 2.307100, -0.460800
-1.#IND00, -1.#IND00; -2.186800, 2.307100, -0.460800
-1.#IND00, -1.#IND00; -2.186800, 2.307100, -0.460800
-1.#IND00, -1.#IND00; -2.186800, 2.307100, -0.460800
-1.#IND00, -1.#IND00; -2.186800, 2.307100, -0.460800
-1.#IND00, -1.#IND00; -2.186800, 2.307100, -0.460800
-1.#IND00, -1.#IND00; -2.186800, 2.307100, -0.460800
-1.#IND00, -1.#IND00; -2.186800, 2.307100, -0.460800
-1.#IND00, -1.#IND00; -2.186800, 2.307100, -0.460800
-1.#IND00, -1.#IND00; -2.185900, 2.306600, -0.460700
-1.#IND00, -1.#IND00; -2.186800, 2.307100, -0.460800
-1.#IND00, -1.#IND00; -2.185900, 2.306600, -0.460700
-1.#IND00, -1.#IND00; -2.185900, 2.306600, -0.460700
-1.#IND00, -1.#IND00; -2.186800, 2.307100, -0.460800
-1.#IND00, -1.#IND00; -2.186800, 2.307100, -0.460800
-1.#IND00, -1.#IND00; -2.186800, 2.307100, -0.460800
-1.#IND00, -1.#IND00; -2.186800, 2.307100, -0.460800
-1.#IND00, -1.#IND00; -2.186800, 2.307100, -0.460800
-1.#IND00, -1.#IND00; -2.185900, 2.306600, -0.460700
-1.#IND00, -1.#IND00; -2.186800, 2.307100, -0.460800
-1.#IND00, -1.#IND00; -2.186800, 2.307100, -0.460800
-1.#IND00, -1.#IND00; -2.185900, 2.306600, -0.460700
-1.#IND00, -1.#IND00; -2.186800, 2.307100, -0.460800
-1.#IND00, -1.#IND00; -2.186800, 2.307100, -0.460800
-1.#IND00, -1.#IND00; -2.185900, 2.306600, -0.460700
-1.#IND00, -1.#IND00; -2.185900, 2.306600, -0.460700
-1.#IND00, -1.#IND00; -2.186800, 2.307100, -0.460800
-1.#IND00, -1.#IND00; -2.185900, 2.306600, -0.460700
-1.#IND00, -1.#IND00; -2.185900, 2.306600, -0.460700
-1.#IND00, -1.#IND00; -2.185900, 2.306600, -0.460700
-1.#IND00, -1.#IND00; -2.185900, 2.306600, -0.460700
-1.#IND00, -1.#IND00; -2.185900, 2.306600, -0.460700
-1.#IND00, -1.#IND00; -2.186800, 2.307100, -0.460800
-1.#IND00, -1.#IND00; -2.185900, 2.306600, -0.460700
-1.#IND00, -1.#IND00; -2.185900, 2.306600, -0.460700
-1.#IND00, -1.#IND00; -2.186800, 2.307100, -0.460800
-1.#IND00, -1.#IND00; -2.185900, 2.306600, -0.460700
-1.#IND00, -1.#IND00; -2.185900, 2.306600, -0.460700
-1.#IND00, -1.#IND00; -2.185900, 2.306600, -0.460700
-1.#IND00, -1.#IND00; -2.186800, 2.307100, -0.460800
-1.#IND00, -1.#IND00; -2.185900, 2.306600, -0.460700
-1.#IND00, -1.#IND00; -2.185900, 2.306600, -0.460700
-1.#IND00, -1.#IND00; -2.185900, 2.306600, -0.460700
-1.#IND00, -1.#IND00; -2.185900, 2.306600, -0.460700
-1.#IND00, -1.#IND00; -2.185900, 2.306600, -0.460700
-1.#IND00, -1.#IND00; -2.186800, 2.307100, -0.460800
-1.#IND00, -1.#IND00; -2.185900, 2.306600, -0.460700
-1.#IND00, -1.#IND00; -2.185900, 2.306600, -0.460700
-1.#IND00, -1.#IND00; -2.186800, 2.307100, -0.460800
-1.#IND00, -1.#IND00; -2.186800, 2.307100, -0.460800
-1.#IND00, -1.#IND00; -2.186800, 2.307100, -0.460800
-1.#IND00, -1.#IND00; -2.185900, 2.306600, -0.460700
-1.#IND00, -1.#IND00; -2.185900, 2.306600, -0.460700
-1.#IND00, -1.#IND00; -2.185900, 2.306600, -0.460700
-1.#IND00, -1.#IND00; -2.186800, 2.307100, -0.460800
-1.#IND00, -1.#IND00; -2.186800, 2.307100, -0.460800
-1.#IND00, -1.#IND00; -2.185900, 2.306600, -0.460700
-1.#IND00, -1.#IND00; -2.186800, 2.307100, -0.460800
-1.#IND00, -1.#IND00; -2.186800, 2.307100, -0.460800
-1.#IND00, -1.#IND00; -2.185900, 2.306600, -0.460700
-1.#IND00, -1.#IND00; -2.186800, 2.307100, -0.460800
-1.#IND00, -1.#IND00; -2.186800, 2.307100, -0.460800
-1.#IND00, -1.#IND00; -2.186800, 2.307100, -0.460800
-1.#IND00, -1.#IND00; -2.186800, 2.307100, -0.460800
-1.#IND00, -1.#IND00; -2.186800, 2.307100, -0.460800
-1.#IND00, -1.#IND00; -2.185900, 2.306600, -0.460700
-1.#IND00, -1.#IND00; -2.186800, 2.307100, -0.460800
-1.#IND00, -1.#IND00; -2.186800, 2.307100, -0.460800
-1.#IND00, -1.#IND00; -2.186800, 2.307100, -0.460800
-1.#IND00, -1.#IND00; -2.185900, 2.306600, -0.460700
-1.#IND00, -1.#IND00; -2.186800, 2.307100, -0.460800
260.500000, 640.000000; -2.186800, 2.307100, -0.460800
-1.#IND00, -1.#IND00; -2.186800, 2.307100, -0.460800
-1.#IND00, -1.#IND00; -2.185900, 2.306600, -0.460700
-1.#IND00, -1.#IND00; -2.186800, 2.307100, -0.460800
-1.#IND00, -1.#IND00; -2.185900, 2.306600, -0.460700
-1.#IND00, -1.#IND00; -2.186800, 2.307100, -0.460800
-1.#IND00, -1.#IND00; -2.186800, 2.307100, -0.460800
-1.#IND00, -1.#IND00; -2.186800, 2.307100, -0.460800
-1.#IND00, -1.#IND00; -2.186800, 2.307100, -0.460800
-1.#IND00, -1.#IND00; -2.186800, 2.307100, -0.460800
-1.#IND00, -1.#IND00; -2.185900, 2.306600, -0.460700
-1.#IND00, -1.#IND00; -2.186800, 2.307100, -0.460800
-1.#IND00, -1.#IND00; -2.186800, 2.307100, -0.460800
-1.#IND00, -1.#IND00; -2.185900, 2.306600, -0.460700
-1.#IND00, -1.#IND00; -2.185900, 2.306600, -0.460700
-1.#IND00, -1.#IND00; -2.186800, 2.307100, -0.460800
-1.#IND00, -1.#IND00; -2.186800, 2.307100, -0.460800
-1.#IND00, -1.#IND00; -2.185900, 2.306600, -0.460700
-1.#IND00, -1.#IND00; -2.186800, 2.307100, -0.460800
-1.#IND00, -1.#IND00; -2.185900, 2.306600, -0.460700
-1.#IND00, -1.#IND00; -2.186800, 2.307100, -0.460800
-1.#IND00, -1.#IND00; -2.186800, 2.307100, -0.460800
-1.#IND00, -1.#IND00; -2.186800, 2.307100, -0.460800
-1.#IND00, -1.#IND00; -2.186800, 2.307100, -0.460800
-1.#IND00, -1.#IND00; -2.185900, 2.306600, -0.460700
-1.#IND00, -1.#IND00; -2.185900, 2.306600, -0.460700
-1.#IND00, -1.#IND00; -2.185900, 2.306600, -0.460700
-1.#IND00, -1.#IND00; -2.186800, 2.307100, -0.460800
-1.#IND00, -1.#IND00; -2.185900, 2.306600, -0.460700
-1.#IND00, -1.#IND00; -2.186800, 2.307100, -0.460800
-1.#IND00, -1.#IND00; -2.186800, 2.307100, -0.460800
-1.#IND00, -1.#IND00; -2.185900, 2.306600, -0.460700
-1.#IND00, -1.#IND00; -2.185900, 2.306600, -0.460700
-1.#IND00, -1.#IND00; -2.185900, 2.306600, -0.460700
-1.#IND00, -1.#IND00; -2.186800, 2.307100, -0.460800
-1.#IND00, -1.#IND00; -2.185900, 2.306600, -0.460700
-1.#IND00, -1.#IND00; -2.186800, 2.307100, -0.460800
-1.#IND00, -1.#IND00; -2.186800, 2.307100, -0.460800
-1.#IND00, -1.#IND00; -2.186800, 2.307100, -0.460800
-1.#IND00, -1.#IND00; -2.186800, 2.307100, -0.460800
-1.#IND00, -1.#IND00; -2.186800, 2.307100, -0.460800
-1.#IND00, -1.#IND00; -2.186800, 2.307100, -0.460800
-1.#IND00, -1.#IND00; -2.185900, 2.306600, -0.460700
-1.#IND00, -1.#IND00; -2.185900, 2.306600, -0.460700
-1.#IND00, -1.#IND00; -2.185900, 2.306600, -0.460700
-1.#IND00, -1.#IND00; -2.185900, 2.306600, -0.460700
-1.#IND00, -1.#IND00; -2.186800, 2.307100, -0.460800
-1.#IND00, -1.#IND00; -2.186800, 2.307100, -0.460800
-1.#IND00, -1.#IND00; -2.186800, 2.307100, -0.460800
-1.#IND00, -1.#IND00; -2.186800, 2.307100, -0.460800
-1.#IND00, -1.#IND00; -2.185900, 2.306600, -0.460700
260.500000, 640.000000; -2.185900, 2.306600, -0.460700
-1.#IND00, -1.#IND00; -2.186800, 2.307100, -0.460800
-1.#IND00, -1.#IND00; -2.186800, 2.307100, -0.460800
-1.#IND00, -1.#IND00; -2.186800, 2.307100, -0.460800
-1.#IND00, -1.#IND00; -2.186800, 2.307100, -0.460800
-1.#IND00, -1.#IND00; -2.186800, 2.307100, -0.460800
-1.#IND00, -1.#IND00; -2.186800, 2.307100, -0.460800
262.000000, 640.000000; -2.186800, 2.307100, -0.460800
-1.#IND00, -1.#IND00; -2.186800, 2.307100, -0.460800
-1.#IND00, -1.#IND00; -2.186800, 2.307100, -0.460800
-1.#IND00, -1.#IND00; -2.186800, 2.307100, -0.460800
-1.#IND00, -1.#IND00; -2.186800, 2.307100, -0.460800
-1.#IND00, -1.#IND00; -2.186800, 2.307100, -0.460800
-1.#IND00, -1.#IND00; -2.186800, 2.307100, -0.460800
-1.#IND00, -1.#IND00; -2.186800, 2.307100, -0.460800
-1.#IND00, -1.#IND00; -2.185900, 2.306600, -0.460700
-1.#IND00, -1.#IND00; -2.186800, 2.307100, -0.460800
-1.#IND00, -1.#IND00; -2.186800, 2.307100, -0.460800
-1.#IND00, -1.#IND00; -2.186800, 2.307100, -0.460800
-1.#IND00, -1.#IND00; -2.186800, 2.307100, -0.460800
-1.#IND00, -1.#IND00; -2.186800, 2.307100, -0.460800
-1.#IND00, -1.#IND00; -2.186800, 2.307100, -0.460800
-1.#IND00, -1.#IND00; -2.186800, 2.307100, -0.460800
-1.#IND00, -1.#IND00; -2.186800, 2.307100, -0.460800
-1.#IND00, -1.#IND00; -2.186800, 2.307100, -0.460800
-1.#IND00, -1.#IND00; -2.185900, 2.306600, -0.460700
-1.#IND00, -1.#IND00; -2.186800, 2.307100, -0.460800
-1.#IND00, -1.#IND00; -2.186800, 2.307100, -0.460800
-1.#IND00, -1.#IND00; -2.186800, 2.307100, -0.460800
-1.#IND00, -1.#IND00; -2.186800, 2.307100, -0.460800
-1.#IND00, -1.#IND00; -2.186800, 2.307100, -0.460800
-1.#IND00, -1.#IND00; -2.186800, 2.307100, -0.460800
-1.#IND00, -1.#IND00; -2.186800, 2.307100, -0.460800
-1.#IND00, -1.#IND00; -2.186800, 2.307100, -0.460800
-1.#IND00, -1.#IND00; -2.186800, 2.307100, -0.460800
-1.#IND00, -1.#IND00; -2.186800, 2.307100, -0.460800
-1.#IND00, -1.#IND00; -2.185900, 2.306600, -0.460700
-1.#IND00, -1.#IND00; -2.186800, 2.307100, -0.460800
-1.#IND00, -1.#IND00; -2.186800, 2.307100, -0.460800
-1.#IND00, -1.#IND00; -2.186800, 2.307100, -0.460800
-1.#IND00, -1.#IND00; -2.186800, 2.307100, -0.460800
-1.#IND00, -1.#IND00; -2.185900, 2.306600, -0.460700
-1.#IND00, -1.#IND00; -2.185900, 2.306600, -0.460700
-1.#IND00, -1.#IND00; -2.186800, 2.307100, -0.460800
-1.#IND00, -1.#IND00; -2.186800, 2.307100, -0.460800
-1.#IND00, -1.#IND00; -2.185900, 2.306600, -0.460700
-1.#IND00, -1.#IND00; -2.186800, 2.307100, -0.460800
-1.#IND00, -1.#IND00; -2.185900, 2.306600, -0.460700
-1.#IND00, -1.#IND00; -2.186800, 2.307100, -0.460800
-1.#IND00, -1.#IND00; -2.185900, 2.306600, -0.460700
-1.#IND00, -1.#IND00; -2.186800, 2.307100, -0.460800
-1.#IND00, -1.#IND00; -2.185900, 2.306600, -0.460700
-1.#IND00, -1.#IND00; -2.186800, 2.307100, -0.460800
-1.#IND00, -1.#IND00; -2.185900, 2.306600, -0.460700
-1.#IND00, -1.#IND00; -2.186800, 2.307100, -0.460800
-1.#IND00, -1.#IND00; -2.185900, 2.306600, -0.460700
-1.#IND00, -1.#IND00; -2.185900, 2.306600, -0.460700
-1.#IND00, -1.#IND00; -2.186800, 2.307100, -0.460800
-1.#IND00, -1.#IND00; -2.186800, 2.307100, -0.460800
-1.#IND00, -1.#IND00; -2.185900, 2.306600, -0.460700
260.000000, 639.000000; -2.186800, 2.307100, -0.460800
-1.#IND00, -1.#IND00; -2.186800, 2.307100, -0.460800
-1.#IND00, -1.#IND00; -2.186800, 2.307100, -0.460800
-1.#IND00, -1.#IND00; -2.186800, 2.307100, -0.460800
-1.#IND00, -1.#IND00; -2.185900, 2.306600, -0.460700
262.500000, 638.000000; -2.185900, 2.306600, -0.460700
-1.#IND00, -1.#IND00; -2.186800, 2.307100, -0.460800
-1.#IND00, -1.#IND00; -2.186800, 2.307100, -0.460800
-1.#IND00, -1.#IND00; -2.185900, 2.306600, -0.460700
-1.#IND00, -1.#IND00; -2.186800, 2.307100, -0.460800
-1.#IND00, -1.#IND00; -2.185900, 2.306600, -0.460700
-1.#IND00, -1.#IND00; -2.185900, 2.306600, -0.460700
-1.#IND00, -1.#IND00; -2.186800, 2.307100, -0.460800
-1.#IND00, -1.#IND00; -2.185900, 2.306600, -0.460700
-1.#IND00, -1.#IND00; -2.186800, 2.307100, -0.460800
-1.#IND00, -1.#IND00; -2.186800, 2.307100, -0.460800
-1.#IND00, -1.#IND00; -2.185900, 2.306600, -0.460700
-1.#IND00, -1.#IND00; -2.186800, 2.307100, -0.460800
-1.#IND00, -1.#IND00; -2.186800, 2.307100, -0.460800
-1.#IND00, -1.#IND00; -2.186800, 2.307100, -0.460800
260.500000, 638.000000; -2.186800, 2.307100, -0.460800
-1.#IND00, -1.#IND00; -2.186800, 2.307100, -0.460800
-1.#IND00, -1.#IND00; -2.186800, 2.307100, -0.460800
-1.#IND00, -1.#IND00; -2.186800, 2.307100, -0.460800
-1.#IND00, -1.#IND00; -2.186800, 2.307100, -0.460800
-1.#IND00, -1.#IND00; -2.185900, 2.306600, -0.460700
-1.#IND00, -1.#IND00; -2.186800, 2.307100, -0.460800
-1.#IND00, -1.#IND00; -2.186800, 2.307100, -0.460800
-1.#IND00, -1.#IND00; -2.185900, 2.306600, -0.460700
-1.#IND00, -1.#IND00; -2.186800, 2.307100, -0.460800
-1.#IND00, -1.#IND00; -2.186800, 2.307100, -0.460800
-1.#IND00, -1.#IND00; -2.185900, 2.306600, -0.460700
260.500000, 640.000000; 0.000000, 0.000000, 0.000000
-1.#IND00, -1.#IND00; -2.186800, 2.307100, -0.460800
-1.#IND00, -1.#IND00; -2.186800, 2.307100, -0.460800
-1.#IND00, -1.#IND00; -2.186800, 2.307100, -0.460800
-1.#IND00, -1.#IND00; -2.186800, 2.307100, -0.460800
-1.#IND00, -1.#IND00; -2.186800, 2.307100, -0.460800
-1.#IND00, -1.#IND00; -2.186800, 2.307100, -0.460800
-1.#IND00, -1.#IND00; -2.186800, 2.307100, -0.460800
-1.#IND00, -1.#IND00; -2.186800, 2.307100, -0.460800
-1.#IND00, -1.#IND00; -2.186800, 2.307100, -0.460800
-1.#IND00, -1.#IND00; -2.186800, 2.307100, -0.460800
-1.#IND00, -1.#IND00; -2.186800, 2.307100, -0.460800
-1.#IND00, -1.#IND00; -2.186800, 2.307100, -0.460800
-1.#IND00, -1.#IND00; -2.186800, 2.307100, -0.460800
804.500000, 646.000000; -2.186800, 2.307100, -0.460800
-1.#IND00, -1.#IND00; -2.186800, 2.307100, -0.460800
-1.#IND00, -1.#IND00; -2.186800, 2.307100, -0.460800
-1.#IND00, -1.#IND00; -2.186800, 2.307100, -0.460800
-1.#IND00, -1.#IND00; -2.186800, 2.307100, -0.460800
-1.#IND00, -1.#IND00; -2.186800, 2.307100, -0.460800
-1.#IND00, -1.#IND00; -2.185900, 2.306600, -0.460700
-1.#IND00, -1.#IND00; -2.186800, 2.307100, -0.460800
-1.#IND00, -1.#IND00; -2.185900, 2.306600, -0.460700
-1.#IND00, -1.#IND00; -2.185900, 2.306600, -0.460700
260.500000, 640.000000; -2.186800, 2.307100, -0.460800
-1.#IND00, -1.#IND00; -2.185900, 2.306600, -0.460700
-1.#IND00, -1.#IND00; -2.186800, 2.307100, -0.460800
-1.#IND00, -1.#IND00; -2.186800, 2.307100, -0.460800
-1.#IND00, -1.#IND00; -2.185900, 2.306600, -0.460700
-1.#IND00, -1.#IND00; -2.185900, 2.306600, -0.460700
-1.#IND00, -1.#IND00; -2.185900, 2.306600, -0.460700
-1.#IND00, -1.#IND00; -2.185900, 2.306600, -0.460700
-1.#IND00, -1.#IND00; -2.185900, 2.306600, -0.460700
-1.#IND00, -1.#IND00; -2.185900, 2.306600, -0.460700
-1.#IND00, -1.#IND00; -2.185900, 2.306600, -0.460700
-1.#IND00, -1.#IND00; -2.185900, 2.306600, -0.460700
1064.000000, 220.000000; -2.186800, 2.307100, -0.460800
-1.#IND00, -1.#IND00; -2.185900, 2.306600, -0.460700
271.000000, 498.000000; -2.186800, 2.307100, -0.460800
-1.#IND00, -1.#IND00; -2.186800, 2.307100, -0.460800
-1.#IND00, -1.#IND00; -2.186800, 2.307100, -0.460800
-1.#IND00, -1.#IND00; -2.185900, 2.306600, -0.460700
-1.#IND00, -1.#IND00; -2.185900, 2.306600, -0.460700
-1.#IND00, -1.#IND00; -2.185900, 2.306600, -0.460700
-1.#IND00, -1.#IND00; -2.185900, 2.306600, -0.460700
-1.#IND00, -1.#IND00; -2.186800, 2.307100, -0.460800
-1.#IND00, -1.#IND00; -2.185900, 2.306600, -0.460700
-1.#IND00, -1.#IND00; -2.186800, 2.307100, -0.460800
-1.#IND00, -1.#IND00; -2.186800, 2.307100, -0.460800
-1.#IND00, -1.#IND00; -2.186800, 2.307100, -0.460800
-1.#IND00, -1.#IND00; -2.186800, 2.307100, -0.460800
-1.#IND00, -1.#IND00; -2.186800, 2.307100, -0.460800
-1.#IND00, -1.#IND00; -2.186800, 2.307100, -0.460800
-1.#IND00, -1.#IND00; -2.186700, 2.307100, -0.460800
-1.#IND00, -1.#IND00; -2.185900, 2.306600, -0.460700
-1.#IND00, -1.#IND00; -2.185900, 2.306600, -0.460700
-1.#IND00, -1.#IND00; -2.186800, 2.307100, -0.460800
-1.#IND00, -1.#IND00; -2.186800, 2.307100, -0.460800
-1.#IND00, -1.#IND00; -2.186800, 2.307100, -0.460800
-1.#IND00, -1.#IND00; -2.186800, 2.307100, -0.460800
-1.#IND00, -1.#IND00; -2.186800, 2.307100, -0.460800
-1.#IND00, -1.#IND00; -2.186800, 2.307100, -0.460800
-1.#IND00, -1.#IND00; -2.186800, 2.307100, -0.460800
-1.#IND00, -1.#IND00; -2.186800, 2.307100, -0.460800
795.000000, 644.000000; -2.186800, 2.307100, -0.460800
-1.#IND00, -1.#IND00; -2.185900, 2.306600, -0.460700
-1.#IND00, -1.#IND00; -2.186800, 2.307100, -0.460800
-1.#IND00, -1.#IND00; -2.186800, 2.307100, -0.460800
-1.#IND00, -1.#IND00; -2.186800, 2.307100, -0.460800
-1.#IND00, -1.#IND00; -2.186700, 2.307100, -0.460800
-1.#IND00, -1.#IND00; -2.186700, 2.307100, -0.460800
-1.#IND00, -1.#IND00; -2.186700, 2.307100, -0.460800
-1.#IND00, -1.#IND00; 0.000000, 0.000000, 0.000000
-1.#IND00, -1.#IND00; -2.186700, 2.307100, -0.460800
-1.#IND00, -1.#IND00; -2.186700, 2.307100, -0.460800
-1.#IND00, -1.#IND00; -2.186800, 2.307100, -0.460800
-1.#IND00, -1.#IND00; -2.186800, 2.307100, -0.460800
-1.#IND00, -1.#IND00; -2.186800, 2.307100, -0.460800
-1.#IND00, -1.#IND00; -2.186800, 2.307100, -0.460800
-1.#IND00, -1.#IND00; -2.186800, 2.307100, -0.460800
-1.#IND00, -1.#IND00; -2.186800, 2.307100, -0.460800
-1.#IND00, -1.#IND00; -2.186700, 2.307100, -0.460800
-1.#IND00, -1.#IND00; -2.186700, 2.307100, -0.460800
-1.#IND00, -1.#IND00; -2.186700, 2.307100, -0.460800
-1.#IND00, -1.#IND00; -2.186800, 2.307100, -0.460800
-1.#IND00, -1.#IND00; -2.186800, 2.307100, -0.460800
-1.#IND00, -1.#IND00; -2.186700, 2.307100, -0.460800
-1.#IND00, -1.#IND00; -2.185900, 2.306600, -0.460700
-1.#IND00, -1.#IND00; -2.186800, 2.307100, -0.460800
-1.#IND00, -1.#IND00; -2.186700, 2.307100, -0.460800
-1.#IND00, -1.#IND00; -2.186800, 2.307100, -0.460800
-1.#IND00, -1.#IND00; -2.186700, 2.307100, -0.460800
-1.#IND00, -1.#IND00; -2.186700, 2.307100, -0.460800
-1.#IND00, -1.#IND00; -2.186800, 2.307100, -0.460800
-1.#IND00, -1.#IND00; -2.186700, 2.307100, -0.460800
-1.#IND00, -1.#IND00; -2.186700, 2.307100, -0.460800
-1.#IND00, -1.#IND00; -2.186700, 2.307100, -0.460800
-1.#IND00, -1.#IND00; -2.186800, 2.307100, -0.460800
-1.#IND00, -1.#IND00; -2.186700, 2.307100, -0.460800
-1.#IND00, -1.#IND00; -2.186700, 2.307100, -0.460800
-1.#IND00, -1.#IND00; -2.186700, 2.307100, -0.460800
-1.#IND00, -1.#IND00; -2.186700, 2.307100, -0.460800
-1.#IND00, -1.#IND00; -2.186700, 2.307100, -0.460800
-1.#IND00, -1.#IND00; -2.186700, 2.307100, -0.460800
-1.#IND00, -1.#IND00; -2.186700, 2.307100, -0.460800
-1.#IND00, -1.#IND00; -2.186800, 2.307100, -0.460800
-1.#IND00, -1.#IND00; -2.186700, 2.307100, -0.460800
-1.#IND00, -1.#IND00; -2.186700, 2.307100, -0.460800
-1.#IND00, -1.#IND00; -2.186700, 2.307100, -0.460800
-1.#IND00, -1.#IND00; -2.186700, 2.307100, -0.460800
-1.#IND00, -1.#IND00; -2.186700, 2.307100, -0.460800
-1.#IND00, -1.#IND00; -2.186700, 2.307100, -0.460800
-1.#IND00, -1.#IND00; -2.186700, 2.307100, -0.460800
-1.#IND00, -1.#IND00; -2.186700, 2.307100, -0.460800
-1.#IND00, -1.#IND00; -2.186700, 2.307100, -0.460800
-1.#IND00, -1.#IND00; -2.185900, 2.306600, -0.460700
-1.#IND00, -1.#IND00; -2.186700, 2.307100, -0.460800
-1.#IND00, -1.#IND00; -2.186700, 2.307100, -0.460800
-1.#IND00, -1.#IND00; -2.186700, 2.307100, -0.460800
-1.#IND00, -1.#IND00; -2.186700, 2.307100, -0.460800
-1.#IND00, -1.#IND00; -2.186700, 2.307100, -0.460800
-1.#IND00, -1.#IND00; -2.186700, 2.307100, -0.460800
-1.#IND00, -1.#IND00; -2.185900, 2.306600, -0.460700
-1.#IND00, -1.#IND00; -2.186700, 2.307100, -0.460800
-1.#IND00, -1.#IND00; -2.186700, 2.307100, -0.460800
-1.#IND00, -1.#IND00; -2.186700, 2.307100, -0.460800
-1.#IND00, -1.#IND00; -2.186700, 2.307100, -0.460800
-1.#IND00, -1.#IND00; -2.186700, 2.307100, -0.460800
-1.#IND00, -1.#IND00; -2.186700, 2.307100, -0.460800
-1.#IND00, -1.#IND00; -2.186700, 2.307100, -0.460800
-1.#IND00, -1.#IND00; -2.186700, 2.307100, -0.460800
-1.#IND00, -1.#IND00; -2.186700, 2.307100, -0.460800
-1.#IND00, -1.#IND00; -2.185900, 2.306600, -0.460700
-1.#IND00, -1.#IND00; -2.186700, 2.307100, -0.460800
-1.#IND00, -1.#IND00; -2.186700, 2.307100, -0.460800
-1.#IND00, -1.#IND00; -2.186700, 2.307100, -0.460800
-1.#IND00, -1.#IND00; -2.186700, 2.307100, -0.460800
-1.#IND00, -1.#IND00; -2.186700, 2.307100, -0.460800
-1.#IND00, -1.#IND00; -2.186700, 2.307100, -0.460800
-1.#IND00, -1.#IND00; -2.186700, 2.307100, -0.460800
-1.#IND00, -1.#IND00; -2.186700, 2.307100, -0.460800
-1.#IND00, -1.#IND00; -2.186700, 2.307100, -0.460800
-1.#IND00, -1.#IND00; -2.186700, 2.307100, -0.460800
-1.#IND00, -1.#IND00; -2.186700, 2.307100, -0.460800
-1.#IND00, -1.#IND00; -2.186700, 2.307100, -0.460800
262.413793, 638.965517; -2.185900, 2.306600, -0.460700
-1.#IND00, -1.#IND00; -2.186700, 2.307100, -0.460800
-1.#IND00, -1.#IND00; -2.186700, 2.307200, -0.460800
-1.#IND00, -1.#IND00; -2.186700, 2.307100, -0.460800
-1.#IND00, -1.#IND00; -2.185900, 2.306600, -0.460700
-1.#IND00, -1.#IND00; -2.186700, 2.307100, -0.460800
-1.#IND00, -1.#IND00; -2.186700, 2.307100, -0.460800
-1.#IND00, -1.#IND00; -2.186700, 2.307100, -0.460800
-1.#IND00, -1.#IND00; -2.186700, 2.307100, -0.460800
682.500000, 672.000000; -2.186700, 2.307100, -0.460800
-1.#IND00, -1.#IND00; -2.186700, 2.307100, -0.460800
-1.#IND00, -1.#IND00; -2.185900, 2.306600, -0.460700
-1.#IND00, -1.#IND00; -2.186700, 2.307100, -0.460800
-1.#IND00, -1.#IND00; -2.186800, 2.307100, -0.460800
-1.#IND00, -1.#IND00; -2.186800, 2.307100, -0.460800
-1.#IND00, -1.#IND00; -2.186700, 2.307100, -0.460800
-1.#IND00, -1.#IND00; -2.186700, 2.307100, -0.460800
-1.#IND00, -1.#IND00; -2.186700, 2.307100, -0.460800
-1.#IND00, -1.#IND00; -2.186700, 2.307100, -0.460800
-1.#IND00, -1.#IND00; -2.186700, 2.307100, -0.460800
-1.#IND00, -1.#IND00; -2.186700, 2.307200, -0.460800
-1.#IND00, -1.#IND00; -2.186700, 2.307100, -0.460800
-1.#IND00, -1.#IND00; -2.186700, 2.307100, -0.460800
-1.#IND00, -1.#IND00; -2.186700, 2.307200, -0.460800
-1.#IND00, -1.#IND00; -2.186700, 2.307200, -0.460800
-1.#IND00, -1.#IND00; 0.000000, 0.000000, 0.000000
-1.#IND00, -1.#IND00; 0.000000, 0.000000, 0.000000
-1.#IND00, -1.#IND00; 0.000000, 0.000000, 0.000000
-1.#IND00, -1.#IND00; 0.000000, 0.000000, 0.000000
-1.#IND00, -1.#IND00; 0.000000, 0.000000, 0.000000
-1.#IND00, -1.#IND00; 0.000000, 0.000000, 0.000000
-1.#IND00, -1.#IND00; 0.000000, 0.000000, 0.000000
-1.#IND00, -1.#IND00; 0.000000, 0.000000, 0.000000
-1.#IND00, -1.#IND00; 0.000000, 0.000000, 0.000000
-1.#IND00, -1.#IND00; 0.000000, 0.000000, 0.000000
-1.#IND00, -1.#IND00; 0.000000, 0.000000, 0.000000
-1.#IND00, -1.#IND00; 0.000000, 0.000000, 0.000000
-1.#IND00, -1.#IND00; 0.000000, 0.000000, 0.000000
-1.#IND00, -1.#IND00; 0.000000, 0.000000, 0.000000
-1.#IND00, -1.#IND00; 0.000000, 0.000000, 0.000000
-1.#IND00, -1.#IND00; 0.000000, 0.000000, 0.000000
-1.#IND00, -1.#IND00; 0.000000, 0.000000, 0.000000
-1.#IND00, -1.#IND00; 0.000000, 0.000000, 0.000000
-1.#IND00, -1.#IND00; 0.000000, 0.000000, 0.000000
-1.#IND00, -1.#IND00; 0.000000, 0.000000, 0.000000
-1.#IND00, -1.#IND00; 0.000000, 0.000000, 0.000000
-1.#IND00, -1.#IND00; 0.000000, 0.000000, 0.000000
-1.#IND00, -1.#IND00; 0.000000, 0.000000, 0.000000
-1.#IND00, -1.#IND00; 0.000000, 0.000000, 0.000000
-1.#IND00, -1.#IND00; 0.000000, 0.000000, 0.000000
-1.#IND00, -1.#IND00; 0.000000, 0.000000, 0.000000
-1.#IND00, -1.#IND00; 0.000000, 0.000000, 0.000000
-1.#IND00, -1.#IND00; 0.000000, 0.000000, 0.000000
-1.#IND00, -1.#IND00; 0.000000, 0.000000, 0.000000
-1.#IND00, -1.#IND00; 0.000000, 0.000000, 0.000000
-1.#IND00, -1.#IND00; 0.000000, 0.000000, 0.000000
-1.#IND00, -1.#IND00; 0.000000, 0.000000, 0.000000
-1.#IND00, -1.#IND00; 0.000000, 0.000000, 0.000000
-1.#IND00, -1.#IND00; 0.000000, 0.000000, 0.000000
-1.#IND00, -1.#IND00; 0.000000, 0.000000, 0.000000
-1.#IND00, -1.#IND00; 0.000000, 0.000000, 0.000000
-1.#IND00, -1.#IND00; 0.000000, 0.000000, 0.000000
-1.#IND00, -1.#IND00; 0.000000, 0.000000, 0.000000
-1.#IND00, -1.#IND00; 0.000000, 0.000000, 0.000000
-1.#IND00, -1.#IND00; 0.000000, 0.000000, 0.000000
-1.#IND00, -1.#IND00; 0.000000, 0.000000, 0.000000
-1.#IND00, -1.#IND00; 0.000000, 0.000000, 0.000000
-1.#IND00, -1.#IND00; 0.000000, 0.000000, 0.000000
-1.#IND00, -1.#IND00; 0.000000, 0.000000, 0.000000
-1.#IND00, -1.#IND00; 0.000000, 0.000000, 0.000000
-1.#IND00, -1.#IND00; 0.000000, 0.000000, 0.000000
-1.#IND00, -1.#IND00; 0.000000, 0.000000, 0.000000
-1.#IND00, -1.#IND00; 0.000000, 0.000000, 0.000000
-1.#IND00, -1.#IND00; 0.000000, 0.000000, 0.000000
-1.#IND00, -1.#IND00; 0.000000, 0.000000, 0.000000
-1.#IND00, -1.#IND00; 0.000000, 0.000000, 0.000000
-1.#IND00, -1.#IND00; 0.000000, 0.000000, 0.000000
-1.#IND00, -1.#IND00; 0.000000, 0.000000, 0.000000
-1.#IND00, -1.#IND00; 0.000000, 0.000000, 0.000000
-1.#IND00, -1.#IND00; 0.000000, 0.000000, 0.000000
-1.#IND00, -1.#IND00; 0.000000, 0.000000, 0.000000
-1.#IND00, -1.#IND00; 0.000000, 0.000000, 0.000000
-1.#IND00, -1.#IND00; 0.000000, 0.000000, 0.000000
-1.#IND00, -1.#IND00; 0.000000, 0.000000, 0.000000
-1.#IND00, -1.#IND00; 0.000000, 0.000000, 0.000000
-1.#IND00, -1.#IND00; 0.000000, 0.000000, 0.000000
-1.#IND00, -1.#IND00; 0.000000, 0.000000, 0.000000
-1.#IND00, -1.#IND00; 0.000000, 0.000000, 0.000000
-1.#IND00, -1.#IND00; 0.000000, 0.000000, 0.000000
-1.#IND00, -1.#IND00; 0.000000, 0.000000, 0.000000
-1.#IND00, -1.#IND00; 0.000000, 0.000000, 0.000000
-1.#IND00, -1.#IND00; 0.000000, 0.000000, 0.000000
-1.#IND00, -1.#IND00; 0.000000, 0.000000, 0.000000
-1.#IND00, -1.#IND00; 0.000000, 0.000000, 0.000000
-1.#IND00, -1.#IND00; 0.000000, 0.000000, 0.000000
-1.#IND00, -1.#IND00; 0.000000, 0.000000, 0.000000
-1.#IND00, -1.#IND00; 0.000000, 0.000000, 0.000000
-1.#IND00, -1.#IND00; 0.000000, 0.000000, 0.000000
-1.#IND00, -1.#IND00; 0.000000, 0.000000, 0.000000
-1.#IND00, -1.#IND00; 0.000000, 0.000000, 0.000000
-1.#IND00, -1.#IND00; 0.000000, 0.000000, 0.000000
-1.#IND00, -1.#IND00; 0.000000, 0.000000, 0.000000
-1.#IND00, -1.#IND00; 0.000000, 0.000000, 0.000000
-1.#IND00, -1.#IND00; 0.000000, 0.000000, 0.000000
-1.#IND00, -1.#IND00; 0.000000, 0.000000, 0.000000
-1.#IND00, -1.#IND00; 0.000000, 0.000000, 0.000000
-1.#IND00, -1.#IND00; 0.000000, 0.000000, 0.000000
-1.#IND00, -1.#IND00; 0.000000, 0.000000, 0.000000
-1.#IND00, -1.#IND00; 0.000000, 0.000000, 0.000000
-1.#IND00, -1.#IND00; 0.000000, 0.000000, 0.000000
-1.#IND00, -1.#IND00; 0.000000, 735714016470499330.000000, 0.000000
-1.#IND00, -1.#IND00; 0.000000, 0.000000, 0.000000
-1.#IND00, -1.#IND00; 0.000000, 0.000000, 0.000000
-1.#IND00, -1.#IND00; 0.000000, 0.000000, 0.000000
-1.#IND00, -1.#IND00; 0.000000, 0.000000, 0.000000
-1.#IND00, -1.#IND00; 0.000000, 0.000000, 0.000000
-1.#IND00, -1.#IND00; -0.000000, 0.000000, 0.000000
-1.#IND00, -1.#IND00; 0.000000, -0.000000, 0.000000
-1.#IND00, -1.#IND00; 0.000000, 0.000000, 0.000000
-1.#IND00, -1.#IND00; 0.000000, 0.000000, 0.000000
-1.#IND00, -1.#IND00; 0.000000, 0.000000, 0.000000
-1.#IND00, -1.#IND00; 0.000000, 0.000000, 0.000000
-1.#IND00, -1.#IND00; 0.000000, 0.000000, 0.000000
-1.#IND00, -1.#IND00; 0.000000, 0.000000, 0.000000
-1.#IND00, -1.#IND00; 0.000000, 0.000000, 0.000000
-1.#IND00, -1.#IND00; 0.000000, 0.000000, 0.000000
-1.#IND00, -1.#IND00; 0.000000, 0.000000, 0.000000
-1.#IND00, -1.#IND00; 0.000000, 0.000000, 0.000000
-1.#IND00, -1.#IND00; 0.000000, 0.000000, 0.000000
-1.#IND00, -1.#IND00; 0.000000, 0.000000, 0.000000
-1.#IND00, -1.#IND00; 0.000000, 0.000000, 0.000000
