5.817500,6.095800,0.677300;533.666667,404.930556:-0.647066;
0.677300,0.000000,0.000000;606.353495,435.913978:-0.623835;
0.000000,0.000000,0.000000;549.363874,428.930628:-0.662909;
0.000000,0.000000,0.000000;84.500000,687.000000:-1.448413;
0.000000,0.000000,0.000000;583.056537,430.455830:-0.635955;
0.000000,0.000000,0.000000;588.156863,446.991597:-0.649862;
0.000000,0.000000,0.000000;611.902041,446.314286:-0.630179;
0.000000,0.000000,0.000000;566.198710,451.859355:-0.673556;
0.000000,0.000000,0.000000;567.684751,441.269795:-0.660755;
0.000000,0.000000,0.000000;603.218713,435.461988:-0.625271;
0.000000,0.000000,0.000000;589.902685,446.640940:-0.648057;
0.000000,0.000000,0.000000;554.921136,441.050473:-0.671561;
0.000000,0.000000,0.000000;569.649635,431.739659:-0.648540;
0.000000,0.000000,0.000000;70.000000,688.000000:-1.469401;
0.000000,0.000000,0.000000;630.487395,447.361345:-0.617106;
0.000000,0.000000,0.000000;583.436170,424.232523:-0.628701;
0.000000,0.000000,0.000000;570.227225,433.299476:-0.649789;
0.000000,0.000000,0.000000;574.493590,447.674679:-0.661960;
0.000000,0.000000,0.000000;563.087617,442.821262:-0.666403;
0.000000,0.000000,0.000000;581.990521,437.966825:-0.645120;
0.000000,0.000000,0.000000;553.370871,436.049550:-0.667373;
0.000000,0.000000,0.000000;569.165485,437.000000:-0.654790;
0.000000,0.000000,0.000000;534.174721,421.643123:-0.668204;
0.000000,0.000000,0.000000;616.801105,453.941989:-0.634456;
0.000000,0.000000,0.000000;571.497738,437.554299:-0.653428;
0.000000,0.000000,0.000000;573.959627,430.186335:-0.643185;
0.000000,0.000000,0.000000;586.932945,424.037901:-0.625644;
0.000000,0.000000,0.000000;517.262357,459.904943:-0.726768;
0.000000,0.000000,0.000000;56.500000,487.000000:-1.455296;
0.000000,0.000000,0.000000;566.020101,427.301508:-0.646644;
0.000000,0.000000,0.000000;549.332090,454.190299:-0.690873;
0.000000,0.000000,0.000000;573.300319,439.881789:-0.654469;
0.000000,0.000000,0.000000;599.159905,455.329356:-0.649836;
0.000000,0.000000,0.000000;625.112583,421.549669:-0.593309;
0.000000,0.000000,0.000000;566.746102,464.347439:-0.686412;
0.000000,0.000000,0.000000;608.810734,440.542373:-0.626397;
0.000000,0.000000,0.000000;608.155059,430.579501:-0.616081;
0.000000,0.000000,0.000000;589.210526,442.969925:-0.644654;
0.000000,0.000000,0.000000;583.718447,450.220065:-0.656992;
0.000000,0.000000,0.000000;582.942263,437.083141:-0.643365;
0.000000,0.000000,0.000000;638.009901,441.787129:-0.605638;
0.000000,0.000000,0.000000;539.604167,441.687500:-0.685944;
0.000000,0.000000,0.000000;516.010309,431.751289:-0.696728;
0.000000,0.000000,0.000000;577.053719,431.260331:-0.641802;
0.000000,0.000000,0.000000;600.632787,426.472131:-0.617431;
0.000000,0.000000,0.000000;557.569767,428.364341:-0.655092;
0.000000,0.000000,0.000000;1.250000,465.000000:-1.568108;
0.000000,0.000000,0.000000;1018.000000,498.000000:-0.454966;
0.000000,0.000000,0.000000;591.043941,428.322237:-0.627103;
0.000000,0.000000,0.000000;866.500000,421.000000:-0.452274;
0.000000,0.000000,0.000000;633.871245,451.261803:-0.618677;
0.000000,0.000000,0.000000;563.432862,451.159011:-0.675187;
0.000000,0.000000,0.000000;583.939072,440.898453:-0.646720;
0.000000,0.000000,0.000000;1088.500000,515.000000:-0.441920;
0.000000,0.000000,0.000000;1168.500000,508.500000:-0.410456;
0.000000,0.000000,0.000000;562.000750,437.227136:-0.661171;
0.000000,0.000000,0.000000;1088.500000,556.000000:-0.472246;
0.000000,0.000000,0.000000;576.722054,451.993958:-0.664741;
0.000000,0.000000,0.000000;574.271443,430.082745:-0.642809;
0.000000,0.000000,0.000000;590.185897,462.487179:-0.664679;
0.000000,0.000000,0.000000;587.840112,449.527349:-0.652849;
0.000000,0.000000,0.000000;573.374613,443.256966:-0.658101;
5.817500,6.095800,0.677300;644.586723,351.824969:-0.496095;
5.817500,6.095800,0.677300;648.231620,327.036405:-0.463316;
5.817500,6.095800,0.677300;632.583411,338.292982:-0.487373;
0.677300,0.000000,0.000000;895.295691,471.099554:-0.484695;
0.000000,0.000000,0.000000;649.964423,306.113615:-0.440155;
0.000000,0.000000,0.000000;752.886188,259.580633:-0.332018;
0.000000,0.000000,0.000000;679.137582,342.536923:-0.467138;
0.000000,0.000000,0.000000;690.186126,381.187113:-0.504604;
0.000000,0.000000,0.000000;696.257679,355.386259:-0.471952;
0.000000,0.000000,0.000000;677.719614,358.174553:-0.486187;
0.000000,0.000000,0.000000;652.142738,373.801354:-0.520473;
0.000000,0.000000,0.000000;622.737694,369.807452:-0.535879;
0.000000,0.000000,0.000000;632.885946,362.453972:-0.520104;
0.000000,0.000000,0.000000;590.575296,380.320929:-0.572134;
0.000000,0.000000,0.000000;650.782800,361.160409:-0.506646;
0.000000,0.000000,0.000000;614.789518,364.626308:-0.535324;
5.817500,6.095800,0.677300;735.710938,370.514727:-0.463069;
0.677300,0.000000,0.000000;327.784591,92.336478:-0.275123;
0.000000,0.000000,0.000000;676.177572,285.369244:-0.399355;
0.000000,0.000000,0.000000;658.633320,401.640822:-0.547601;
0.000000,0.000000,0.000000;662.201692,362.695322:-0.501084;
0.000000,0.000000,0.000000;699.985906,371.689935:-0.488136;
0.000000,0.000000,0.000000;631.916094,360.376138:-0.518288;
0.000000,0.000000,0.000000;672.125387,316.434220:-0.440013;
0.000000,0.000000,0.000000;922.451946,292.571574:-0.307131;
5.817500,6.095800,0.677300;672.170094,338.670387:-0.462925;
0.677300,0.000000,0.000000;340.758833,81.081413:-0.234048;
0.000000,0.000000,0.000000;677.681713,319.261334:-0.440268;
0.000000,0.000000,0.000000;648.803190,384.553076:-0.535043;
0.000000,0.000000,0.000000;651.395288,335.309787:-0.475383;
5.817500,6.095800,0.677300;625.504900,330.387501:-0.482125;
0.677300,0.000000,0.000000;286.988024,173.568862:-0.544985;
0.000000,0.000000,0.000000;635.481146,314.578459:-0.459659;
0.000000,0.000000,0.000000;639.335887,140.149220:-0.215797;
0.000000,0.000000,0.000000;665.327524,303.858523:-0.428416;
0.000000,0.000000,0.000000;669.026061,350.444294:-0.482516;
5.817500,6.095800,0.677300;660.925858,336.491481:-0.467112;
0.677300,0.000000,0.000000;299.898077,114.763462:-0.366238;
0.000000,0.000000,0.000000;681.402545,313.265369:-0.430921;
0.000000,0.000000,0.000000;630.419381,292.728888:-0.434715;
0.000000,0.000000,0.000000;578.792035,410.136572:-0.616480;
0.000000,0.000000,0.000000;617.903653,361.439461:-0.529276;
0.000000,0.000000,0.000000;610.148290,365.772704:-0.540038;
0.000000,0.000000,0.000000;646.469336,327.071417:-0.468384;
0.000000,0.000000,0.000000;631.358590,380.815355:-0.542746;
0.000000,0.000000,0.000000;670.285429,342.186819:-0.472020;
0.000000,0.000000,0.000000;680.316989,352.709881:-0.478298;
0.000000,0.000000,0.000000;670.261681,350.856148:-0.482240;
0.000000,0.000000,0.000000;644.964732,329.907239:-0.472815;
0.000000,0.000000,0.000000;675.463252,272.968029:-0.384053;
0.000000,0.000000,0.000000;542.879728,400.835970:-0.636004;
0.000000,0.000000,0.000000;683.489631,306.345998:-0.421363;
0.000000,0.000000,0.000000;660.935072,361.503419:-0.500504;
5.817500,6.095800,0.677300;645.431811,395.770629:-0.547182;
0.677300,0.000000,0.000000;362.223529,180.529412:-0.463108;
0.000000,0.000000,0.000000;648.498298,300.776452:-0.434274;
0.000000,0.000000,0.000000;659.655449,367.752984:-0.508577;
0.000000,0.000000,0.000000;677.274965,255.222846:-0.360381;
0.000000,0.000000,0.000000;643.124832,372.155826:-0.524587;
0.000000,0.000000,0.000000;630.753833,343.165164:-0.498268;
0.000000,0.000000,0.000000;638.495233,335.655930:-0.483994;
0.000000,0.000000,0.000000;614.949499,402.219398:-0.579230;
0.000000,0.000000,0.000000;652.762675,368.803317:-0.514278;
0.000000,0.000000,0.000000;650.201510,360.884481:-0.506701;
0.000000,0.000000,0.000000;641.235802,369.225628:-0.522438;
0.000000,0.000000,0.000000;633.569531,385.510969:-0.546628;
0.000000,0.000000,0.000000;616.783200,366.146239:-0.535729;
0.000000,0.000000,0.000000;618.786099,367.520959:-0.535951;
0.000000,0.000000,0.000000;880.130465,240.815093:-0.267076;
5.817500,6.095800,0.677300;644.587223,341.203975:-0.483145;
0.677300,0.000000,0.000000;300.988827,117.329609:-0.372457;
0.000000,0.000000,0.000000;649.410943,353.106961:-0.498020;
0.000000,0.000000,0.000000;657.480156,365.193045:-0.507013;
0.000000,0.000000,0.000000;697.255720,145.980485:-0.206383;
0.000000,0.000000,0.000000;566.816176,338.140607:-0.537887;
0.000000,0.000000,0.000000;628.404332,338.163736:-0.493685;
5.817500,6.095800,0.677300;684.996976,330.926189:-0.446112;
0.677300,0.000000,0.000000;415.162791,230.352159:-0.507250;
0.000000,0.000000,0.000000;677.264166,308.902789:-0.427918;
0.000000,0.000000,0.000000;1030.591897,210.779644:-0.201741;
0.000000,0.000000,0.000000;665.705845,338.916408:-0.470908;
0.000000,0.000000,0.000000;652.031178,299.356297:-0.430407;
0.000000,0.000000,0.000000;671.874046,348.311050:-0.478273;
0.000000,0.000000,0.000000;636.769750,360.260306:-0.514864;
5.817500,6.095800,0.677300;646.695350,348.038893:-0.490129;
0.677300,0.000000,0.000000;308.687500,125.030000:-0.385606;
5.817500,6.095800,0.677300;648.299401,337.363056:-0.476054;
0.677300,0.000000,0.000000;266.790582,214.407683:-0.678207;
0.000000,0.000000,0.000000;704.205336,281.547100:-0.380341;
0.000000,0.000000,0.000000;346.500000,494.000000:-0.959120;
0.000000,0.000000,0.000000;614.550551,408.938620:-0.587144;
0.000000,0.000000,0.000000;721.600633,260.574219:-0.346534;
0.000000,0.000000,0.000000;658.132016,353.241739:-0.492601;
0.000000,0.000000,0.000000;643.546706,332.691788:-0.477128;
0.000000,0.000000,0.000000;536.186963,258.979245:-0.449957;
0.000000,0.000000,0.000000;663.871941,346.615096:-0.481180;
0.000000,0.000000,0.000000;631.034844,366.720579:-0.526438;
5.817500,6.095800,0.677300;635.117668,320.377895:-0.463180;
0.677300,0.000000,0.000000;743.977778,222.717172:-0.291120;
0.000000,0.000000,0.000000;1260.000000,18.000000:-0.014285;
0.000000,0.000000,0.000000;445.305633,519.233610:-0.861894;
0.000000,0.000000,0.000000;654.438788,278.382888:-0.402189;
5.817500,6.095800,0.677300;684.912482,339.136994:-0.455954;
0.677300,0.000000,0.000000;228.260337,145.045942:-0.567418;
0.000000,0.000000,0.000000;609.518495,379.591276:-0.556996;
0.000000,0.000000,0.000000;640.715906,278.120236:-0.409534;
5.817500,6.095800,0.677300;704.903339,354.789512:-0.462675;
0.677300,0.000000,0.000000;527.500000,265.500000:-0.466814;
5.817500,6.095800,0.677300;630.004671,320.519972:-0.466630;
0.677300,0.000000,0.000000;166.000000,45.000000:-0.265756;
0.000000,0.000000,0.000000;730.784741,274.150292:-0.358898;
0.000000,0.000000,0.000000;749.680115,262.344380:-0.336623;
0.000000,0.000000,0.000000;628.686397,336.976324:-0.492032;
0.000000,0.000000,0.000000;637.594056,384.353782:-0.542490;
0.000000,0.000000,0.000000;640.864533,356.323881:-0.507442;
0.000000,0.000000,0.000000;644.443640,240.758513:-0.357535;
5.817500,6.095800,0.677300;690.993246,366.179270:-0.483866;
0.677300,0.000000,0.000000;382.780488,116.658537:-0.296318;
0.000000,0.000000,0.000000;639.725307,381.107483:-0.537278;
0.000000,0.000000,0.000000;637.654177,404.599000:-0.565410;
0.000000,0.000000,0.000000;652.894968,367.738877:-0.512954;
0.000000,0.000000,0.000000;628.127034,374.718766:-0.537890;
5.817500,6.095800,0.677300;680.045846,340.111752:-0.459965;
0.677300,0.000000,0.000000;272.644231,111.692308:-0.389682;
0.000000,0.000000,0.000000;713.775454,268.194954:-0.359420;
0.000000,0.000000,0.000000;663.960934,390.281639:-0.531407;
0.000000,0.000000,0.000000;624.408814,400.532536:-0.570347;
0.000000,0.000000,0.000000;454.299473,374.159523:-0.688964;
0.000000,0.000000,0.000000;594.059618,417.696765:-0.612819;
0.000000,0.000000,0.000000;687.933328,363.242311:-0.485811;
